15
5
18
4
11
10
14
11
8
9
15
3
4
1
17
2
15
3
14
12
13
16
7
10
15
8
8
2
5
7
5
4
18
2
5
9
8
14
11
4
2
9
6
4
5
3
9
17
5
6
8
11
10
15
14
8
6
5
9
10
8
4
4
16
1
6
5
2
9
1
2
3
17
6
8
11
1
3
1
6
1
4
2
13
12
7
2
3
2
2
11
2
6
10
3
1
12
7
9
13
14
5
6
5
10
12
7
10
3
2
14
1
13
4
7
3
1
13
2
14
2
10
2
1
1
10
18
12
18
13
9
12
12
1
1
8
16
7
11
5
2
9
3
1
12
7
4
1
6
15
3
3
15
2
12
16
7
8
14
11
16
4
9
7
18
5
4
13
6
9
14
5
3
5
10
18
4
7
6
4
15
1
1
7
2
4
18
12
2
6
1
16
12
15
5
14
1
2
8
5
5
17
1
14
17
10
18
7
2
3
6
13
6
7
11
5
13
15
11
17
3
3
3
17
17
2
1
3
3
2
8
11
17
17
4
4
12
6
11
13
6
15
16
17
13
13
3
15
9
18
3
16
8
1
4
8
5
5
14
1
4
16
8
9
3
3
7
2
5
4
1
1
7
10
16
6
16
11
7
2
18
10
4
6
1
1
13
3
7
4
12
12
10
9
11
3
6
9
5
1
