36
103
53
121
50
148
9
16
152
123
144
3
180
85
89
91
160
57
114
125
124
110
35
37
94
59
66
49
123
122
45
124
159
14
33
31
84
31
77
53
63
33
6
87
115
10
14
28
77
78
75
87
104
42
42
34
95
165
34
66
42
38
129
13
127
174
49
16
71
173
59
173
68
13
59
59
25
109
54
159
60
79
4
149
146
100
102
49
139
60
93
116
69
55
90
54
13
63
15
42
95
80
120
5
81
53
69
18
18
76
48
85
133
20
28
129
1
79
180
62
15
4
41
29
16
43
11
54
34
174
75
1
66
126
171
14
2
37
27
104
142
98
72
11
179
160
120
61
140
97
2
138
141
97
4
121
4
58
108
122
112
1
143
7
75
30
57
144
9
152
170
45
77
36
8
132
87
10
48
37
3
86
149
55
105
121
57
71
97
80
36
104
159
116
92
36
14
84
132
45
13
39
148
108
114
118
34
33
173
5
92
6
155
15
11
165
43
48
109
18
57
13
172
33
108
32
131
147
9
171
117
9
162
27
79
4
79
143
90
70
73
72
6
27
36
17
48
76
108
151
92
24
54
168
157
97
13
18
4
10
2
88
165
81
71
62
142
5
65
135
104
39
88
179
40
28
52
31
176
71
159
180
126
121
2
40
33
140
146
69
106
125
139
76
52
6
18
138
118
173
10
148
44
84
100
96
110
180
67
38
165
60
76
19
137
41
84
82
146
97
141
152
2
43
42
2
78
100
111
112
43
147
47
74
106
1
85
14
19
15
116
48
12
172
98
8
68
168
18
18
11
154
158
11
145
20
162
37
32
130
1
104
157
15
24
8
51
4
24
57
7
17
42
43
63
9
131
72
9
84
13
29
32
78
137
8
174
91
38
48
180
1
47
94
26
9
5
17
130
76
25
107
1
150
5
123
71
146
40
81
92
178
7
27
37
60
50
147
8
164
143
94
132
91
6
154
166
44
68
7
151
73
56
82
56
163
29
177
152
62
36
48
10
82
115
41
59
142
77
46
80
34
52
162
80
166
3
178
50
16
64
76
142
130
26
5
65
22
66
74
63
105
72
11
70
59
32
28
171
2
10
64
46
62
1
96
21
124
78
4
12
116
37
37
179
26
110
28
73
75
56
137
30
151
130
91
37
148
180
93
111
24
150
117
58
86
34
180
104
63
17
32
120
111
26
80
118
94
73
28
93
74
102
90
42
2
9
23
40
3
51
78
2
117
12
37
99
69
18
158
177
136
15
70
124
49
96
6
98
102
169
45
115
161
76
30
23
136
74
38
3
23
124
15
105
88
24
40
21
90
117
87
134
114
116
81
25
54
77
155
69
72
33
45
36
130
116
27
117
31
55
11
50
96
73
58
72
127
178
47
28
139
29
3
74
113
155
107
65
2
62
155
73
22
38
114
33
133
49
43
49
17
56
141
129
58
157
18
24
104
48
165
14
103
89
60
99
33
23
7
105
1
70
52
156
12
96
12
67
10
14
180
4
34
70
2
116
101
40
42
44
55
78
75
76
169
152
43
95
3
62
74
61
46
44
168
15
56
61
106
2
14
102
39
155
18
4
129
27
10
34
24
2
31
18
56
125
43
43
41
21
2
16
121
51
106
18
111
29
154
76
21
22
41
110
19
125
128
115
80
93
8
9
83
34
51
87
110
82
144
118
106
37
164
140
1
127
14
46
39
67
19
37
27
152
47
18
22
73
19
141
26
151
92
46
118
5
7
5
175
3
38
60
76
145
164
131
41
84
164
18
160
20
99
12
132
50
72
4
18
98
4
22
120
137
129
22
26
76
175
38
26
40
93
23
83
8
68
134
161
57
154
37
38
73
91
54
97
31
35
156
101
176
91
25
85
135
55
150
75
20
7
157
57
86
102
58
141
107
9
144
65
61
31
25
53
11
148
17
113
116
57
31
114
14
99
30
22
78
20
67
44
11
88
45
90
4
115
70
168
86
121
69
151
17
127
143
56
76
40
91
138
54
166
38
57
115
85
83
11
27
14
94
107
3
10
48
29
57
94
91
126
76
173
135
106
81
16
38
97
60
1
138
123
43
138
12
18
167
143
80
36
96
28
15
153
49
33
71
2
122
13
121
22
127
17
50
95
87
95
20
151
13
83
162
139
145
51
137
56
66
22
27
14
7
172
104
26
17
49
52
64
125
104
65
111
15
5
59
38
174
80
110
129
18
72
108
9
3
19
22
164
135
27
136
31
130
110
176
169
28
99
109
96
111
160
54
10
59
41
8
121
14
39
151
64
71
33
8
171
89
97
20
61
95
2
35
9
81
83
147
36
15
20
30
24
142
94
68
50
35
174
44
60
65
164
24
34
103
37
79
3
58
95
154
62
19
115
47
98
88
56
113
87
103
158
40
22
11
9
20
125
41
16
94
41
6
55
60
1
113
125
35
19
61
61
26
40
39
151
95
136
123
9
40
122
13
94
33
59
125
2
13
23
98
31
10
20
58
153
31
4
137
156
42
132
35
58
106
108
47
14
131
34
104
24
134
91
2
178
3
80
58
119
31
3
52
26
163
105
52
21
41
55
159
29
111
29
60
113
23
109
168
100
124
13
26
85
27
45
6
15
82
84
52
140
175
73
130
5
1
5
1
175
18
49
56
42
166
6
54
27
39
156
20
148
128
11
91
8
44
36
177
81
95
33
96
39
92
17
13
12
69
65
70
13
50
87
173
88
24
167
50
16
20
29
87
40
7
172
72
45
41
81
70
79
56
103
71
3
75
22
177
145
80
152
90
42
148
71
116
39
95
78
66
9
179
95
7
114
79
139
142
160
133
100
153
54
149
29
1
15
173
5
2
30
63
132
14
40
133
21
124
20
34
67
105
20
1
99
56
114
96
123
107
155
125
61
143
165
38
79
31
101
84
28
72
98
51
152
103
118
122
67
57
147
79
41
53
2
34
65
10
62
103
121
18
121
57
102
5
30
114
33
82
44
120
62
146
15
26
9
120
86
148
4
35
50
38
38
171
146
12
120
108
9
55
123
30
25
44
69
23
136
46
43
22
30
136
25
45
30
7
15
101
137
64
99
39
106
24
102
41
6
126
12
175
101
87
2
83
49
134
177
111
47
3
34
2
90
8
163
138
68
126
134
97
134
45
9
113
34
45
50
67
105
42
105
7
101
8
94
88
45
131
14
151
88
6
122
100
54
122
112
25
131
43
99
156
73
89
118
19
117
103
53
25
78
36
82
71
55
80
18
163
41
34
68
55
44
93
36
71
157
148
44
82
92
88
74
54
137
88
27
43
3
170
96
141
44
90
5
21
15
17
4
158
176
129
79
164
46
154
29
128
149
32
23
51
98
63
25
25
88
74
161
153
37
132
140
141
12
99
60
12
173
11
139
10
133
46
92
123
119
48
62
144
65
99
131
6
42
82
161
25
27
26
56
3
13
51
86
33
84
172
47
75
5
178
10
119
106
101
136
75
63
13
126
35
8
166
135
89
115
71
131
11
107
153
147
116
130
5
124
106
12
6
29
106
74
146
60
160
5
24
168
26
5
36
9
97
35
8
41
101
15
111
38
82
179
92
113
149
67
45
102
121
65
53
135
88
21
45
172
112
13
17
93
40
5
90
44
21
149
65
92
12
119
150
49
7
12
40
18
180
91
35
62
86
28
50
47
14
6
169
108
30
88
110
93
90
139
96
112
19
20
117
54
165
74
145
147
39
73
15
20
166
19
157
53
1
2
170
136
143
91
58
140
23
177
50
62
6
41
49
125
18
134
84
69
83
125
14
135
68
89
10
48
133
96
3
153
69
77
94
64
100
70
42
76
36
59
9
46
171
64
93
3
35
125
24
128
16
83
46
68
48
102
113
24
6
106
124
7
21
22
129
19
12
59
16
11
17
109
163
69
39
11
123
29
162
99
65
120
67
16
25
107
17
22
69
64
29
49
104
34
65
65
66
50
129
165
49
101
11
49
46
180
140
157
6
68
103
98
170
94
134
46
108
159
77
65
37
69
135
138
87
33
43
23
61
3
18
170
93
25
86
12
64
40
153
6
145
17
67
55
126
5
4
61
113
161
110
135
11
97
96
158
122
122
8
21
136
7
13
104
48
149
4
71
27
148
142
28
80
90
17
152
129
70
61
30
89
32
144
23
118
68
38
29
154
96
83
16
41
112
84
5
59
21
177
15
3
86
32
163
145
2
10
140
82
86
77
57
44
6
108
167
41
168
158
21
160
16
120
42
83
12
52
54
36
149
47
85
15
54
25
83
16
172
136
93
64
26
37
139
29
147
59
114
156
76
3
35
103
108
13
52
116
81
12
4
5
5
30
39
3
28
48
83
20
119
161
150
145
14
83
107
175
56
59
46
14
52
66
53
62
95
63
73
23
35
81
35
3
59
130
153
64
16
34
103
110
1
85
179
30
129
8
97
31
105
123
160
8
143
16
35
139
83
175
3
107
100
11
50
109
12
38
71
161
179
132
60
157
39
138
101
6
46
108
66
51
52
24
172
62
138
77
129
19
85
31
9
48
43
6
104
105
170
11
64
38
95
17
156
130
52
83
166
103
164
116
22
21
97
110
13
28
36
73
102
67
177
171
31
128
20
25
61
166
25
40
31
67
27
36
3
8
113
16
69
54
170
29
114
127
18
153
4
88
136
50
5
56
45
146
32
32
53
17
35
59
39
105
63
40
174
63
24
9
72
110
109
122
69
32
81
87
153
68
66
48
133
88
109
70
20
2
112
107
114
120
38
23
100
178
10
93
14
10
80
160
64
75
115
50
104
130
142
161
92
22
64
75
27
2
10
162
48
86
3
115
149
72
82
4
66
86
24
112
68
143
163
53
34
67
11
123
178
133
30
46
38
117
6
161
124
179
66
5
72
23
16
62
117
47
48
52
60
57
134
81
142
100
66
124
51
21
119
149
23
159
19
38
8
45
127
11
49
105
57
121
23
75
98
41
32
156
115
66
158
168
135
28
92
33
36
92
49
78
147
30
14
26
12
32
113
60
57
58
120
1
123
47
99
122
21
140
86
19
12
24
12
44
19
147
108
110
57
128
53
121
117
25
143
169
58
135
1
144
176
11
127
179
29
77
59
17
52
155
167
166
171
145
17
128
67
15
24
44
98
15
102
6
8
170
51
55
107
4
133
117
75
89
133
156
55
15
34
82
132
1
16
151
16
53
101
31
9
7
62
47
85
127
125
8
30
120
7
112
137
20
8
143
49
51
22
119
53
98
32
2
87
42
54
43
78
138
141
49
14
55
101
170
137
155
101
8
53
56
126
19
67
17
79
65
28
67
60
69
93
116
36
2
63
18
5
87
8
122
44
6
97
39
79
92
167
174
44
43
32
23
136
137
74
26
33
167
77
142
53
31
84
152
30
61
177
16
50
80
174
81
12
1
70
141
178
114
167
29
51
84
40
132
23
74
26
10
176
70
79
150
28
12
63
35
10
73
53
78
78
169
168
117
162
171
7
22
31
8
163
9
70
19
1
22
158
106
28
27
17
18
144
22
98
84
11
4
1
158
46
118
21
7
154
140
178
27
150
20
145
6
73
62
64
82
157
35
46
97
77
107
60
58
118
33
32
5
112
102
1
63
162
28
39
111
80
26
126
89
37
63
46
130
56
51
30
107
7
159
176
9
126
21
21
68
22
61
154
35
26
72
133
23
167
119
41
75
81
85
37
92
22
150
52
172
73
33
39
57
21
169
60
39
28
128
23
133
13
113
132
5
44
31
27
1
61
55
155
144
19
30
4
26
15
14
58
115
29
74
128
134
134
128
36
110
34
22
33
176
7
66
82
169
59
99
55
54
25
4
23
7
160
11
31
49
23
19
45
160
179
20
61
15
23
109
123
118
7
9
14
91
108
40
68
51
17
100
152
21
127
96
137
38
24
29
13
42
68
168
4
162
37
156
148
4
70
127
27
129
47
105
94
159
56
69
2
89
100
74
134
5
71
139
135
47
94
17
77
9
10
153
45
100
1
109
175
117
47
32
48
78
35
119
103
112
12
16
174
90
33
46
165
40
42
16
30
65
36
41
170
80
145
64
6
10
119
14
11
16
9
47
90
28
19
107
14
140
43
25
167
82
42
50
13
54
30
163
10
79
58
157
51
166
75
63
13
147
8
83
124
131
64
94
131
43
67
2
42
111
106
62
79
3
86
8
55
11
25
99
63
28
86
23
3
85
21
47
57
7
37
89
70
124
13
66
32
89
22
26
114
126
118
81
102
177
63
32
156
72
163
20
53
119
109
111
89
102
113
13
159
150
98
58
128
4
45
79
144
45
24
126
173
128
119
109
52
29
155
132
26
85
12
52
74
48
21
37
173
36
163
162
48
164
19
78
16
169
39
25
52
158
51
21
85
93
73
50
95
46
146
78
85
155
169
149
150
115
19
32
39
29
3
157
27
35
45
76
159
32
100
138
139
56
35
25
162
17
176
109
58
46
131
11
112
7
47
176
91
101
105
44
4
127
16
1
120
28
15
51
165
6
118
10
72
75
55
144
30
161
164
66
10
172
171
15
47
7
140
103
20
53
95
81
143
111
77
90
6
7
13
71
74
20
39
138
4
12
175
6
24
93
84
141
10
71
49
89
24
52
33
47
51
41
61
109
112
85
146
86
64
19
154
91
141
77
44
167
65
178
42
128
40
21
55
7
130
43
51
150
19
139
77
37
119
27
43
146
8
98
131
90
127
70
161
61
89
154
1
142
34
151
72
68
84
122
158
142
141
87
32
58
175
126
10
7
17
174
1
