2,69,103,385,771,867
17,55,57,73,413
2,25,395,444,506
7,24,178,284,333
11,368,564,623,791
2,14,46,237,442,592
3,66,386,432,783
8,148,432,512,889,895
157,160,303,394,435
339,401,713,966,976
52,58,80,180,431
25,51,260,276,476
10,154,179,494,510,830
57,157,184,203,438,657
25,79,115,335,939
22,124,256,535,884
160,267,302,465,845
10,45,178,466,900
72,220,428,567,967
164,192,421,498,911
122,327,341,391,943
15,101,131,586,743
11,39,99,286,293
37,136,528,607,820
33,34,43,279,409,431,669
21,578,618,716,873
3,29,67,339,361,920
51,169,375,476,544
53,122,139,314,434
4,36,37,103,290,322,942
1,11,38,67,138,213,783,953
2,14,77,240,268,313
22,54,381,443,687
36,99,131,251,493
189,316,339,616,637
37,166,210,746,831
95,147,172,241,643
4,9,13,34,40,696
82,91,93,313,968
6,136,230,300,818
31,55,65,509,701
2,38,66,86,319,436,826
24,91,308,662,699,780
35,48,53,190,604,615,824
21,47,489,646,670,962
35,54,120,184,299,577
35,85,144,302,310,460,772
8,115,136,203,331
3,68,234,257,601,612,692
11,16,142,169,810
49,129,304,849,985
46,205,297,451,691
7,18,83,110,200
61,124,405,848,963
4,32,364,557,712
1,19,216,345,605,804,940
26,36,63,159,821
107,129,211,217,348,351,880
25,33,193,326,340,982
187,277,336,345,722
104,271,461,630,733
42,83,129,153,687,847
9,15,55,84,190,626,718,840
2,4,14,97,883
12,37,72,483,539
25,98,178,429,987
437,513,537,693,928,972
28,40,64,89,127,470
13,23,59,327,661
2,3,65,102,134,177,466,555
26,143,185,325,550
63,258,339,498,780,883,966
145,375,533,558,756,774,850
90,136,216,261,310,492
23,45,81,103,115,225,270,354
23,333,510,544,831
1,3,38,70,86,213,915
113,134,151,163,188,629,827
56,140,175,329,648
22,27,94,486,500,685
181,235,266,297,688
14,100,577,637,658,684
16,73,323,772,862,893
40,96,149,378,485
13,89,243,244,473
22,23,50,265,346,836
87,175,265,527,573,574
29,49,92,294,496
51,136,276,312,315,371,544,971
14,250,331,338,925
409,416,525,672,706,789
10,43,354,362,369
5,42,235,332,573,580,634
52,55,85,94,282,792
39,61,108,181,537,617,638
114,122,146,539,619,635
23,160,595,661,784
14,77,264,493,855
52,94,262,496,714
12,60,80,137,608,639
3,38,489,515,984
25,51,546,625,795
26,31,32,459,844
81,82,238,255,288,597
8,44,59,569,577
15,48,94,99,266
19,87,468,506,574
14,212,228,448,979
69,181,187,242,999
63,157,565,819,907,942
15,35,182,806,863
70,82,102,653,746,919
38,188,207,235,286,507,688
77,154,385,408,977
200,216,274,611,880
43,115,208,265,362,799
222,434,541,687,801
58,117,279,367,404,457
25,91,249,302,912
16,46,64,261,505,625,631
23,283,323,443,473,614,759
24,58,207,427,447,828,966
9,31,89,694,784,792,910,923
154,165,481,830,970
130,138,158,382,738
111,166,210,370,764
22,38,576,898,943
55,64,206,242,491,554,715
11,12,67,386,599
146,192,298,312,645
4,36,82,91,97,131,295
16,21,43,101,296
6,105,267,302,608
2,55,65,104,121,253,389,393
95,112,155,409,538,894
41,58,164,312,347,355,679,735
26,99,146,574,778
27,129,229,243,397
57,91,151,387,403
144,323,328,515,600,888
27,176,205,365,371,850
16,46,137,554,557,572,921
14,92,95,315,376
181,187,195,231,848,872,922
29,41,47,192,560
6,34,233,421,886
185,217,334,664,677
5,6,80,84,132,261
198,368,396,522,816
10,39,222,630,795
54,311,385,395,695
3,6,213,440,915
6,64,65,200,520,596
1,7,26,545,923
44,78,292,497,628,943
126,419,543,768,869
19,24,58,562,961
55,83,118,200,249,253
54,132,198,342,774,939
5,35,125,143,148
71,87,325,380,506
21,30,136,202,250,335,453
13,20,21,145,181
34,115,136,286,650
24,58,238,486,516,571
12,15,129,191,193,733,914,964
5,32,143,159,352,547
26,31,143,356,647
2,41,79,94,174,215,418,445
7,38,55,86,333,530,971
23,27,225,236,269,421,581,850
6,129,195,279,861
52,163,516,712,935
142,196,200,333,960
28,54,205,353,357,603
79,128,256,419,512
13,126,377,865,871
224,325,377,378,844
15,96,117,417,841
155,172,205,347,649,837,998
18,74,76,233,621
11,169,282,618,900
270,591,717,857,866
5,20,23,42,316,487
16,68,105,533,663,702
9,174,243,672,943
15,35,182,193,238
14,22,278,336,632,978
124,149,285,404,507,511
4,5,133,157,559,800,944
5,49,88,116,177
25,51,75,79,160,196,379
2,14,218,264,699
68,105,240,342,636
13,31,156,224,945
154,408,442,479,587,706
8,44,93,102,340
25,51,196,466,491,960
61,63,92,963,966
18,100,112,122,176,357,455,824
332,587,630,823,854
18,56,324,623,632,690
16,28,446,455,631
59,128,424,512,839
15,50,64,190,238
8,153,471,571,665
145,161,294,384,592,794
16,148,201,298,555,598,988
29,105,274,298,955
241,306,520,616,789
42,267,445,643,982
26,331,412,439,706,826
25,151,230,351,620,896
7,271,461,465,660,782
172,269,321,381,679
44,78,144,316,755,780
6,191,202,274,304,393,484,702
27,170,293,307,691,765,906
8,134,246,353,577,737,756
22,36,43,115,208,251
58,88,98,223,488,724
75,98,260,379,519
3,30,67,152,835
6,115,304,667,940
54,100,101,149,439
26,93,151,377,565,896,904
7,364,449,505,770
1,2,37,309,396,576,625
4,104,141,160,481,749,783
119,239,319,383,628
2,40,74,110,379,475
24,113,159,263,785
56,85,120,228,244,366,926
59,104,233,397,487,668,725
14,17,23,168,741,759,940
6,78,287,314,359,437,531
2,69,268,357,574,713
39,107,217,469,952
261,289,494,553,742,799
2,23,227,228,317
5,13,17,20,39,163,395
100,138,367,536,800
24,83,245,253,656
2,5,523,585,710
4,12,84,97,220
109,115,140,175,287,525
20,26,104,160,551
4,67,108,262,541
12,73,84,347,491
18,21,44,74,90,217,412
31,70,80,116,150,412,718,863
8,43,346,349,921
70,118,130,168,536
166,447,746,764,913
142,149,204,234,405
48,171,193,426,967
23,96,106,168,376,427
8,22,58,93,865
3,86,239,502,646
52,94,163,184,232,740,981
15,26,161,544,857
30,39,107,292,553,670,909
100,101,192,269,398,544,719
8,54,69,137,206,318,639
28,123,138,686,760
103,266,363,681,979
1,19,70,484,660,776
92,102,401,449,551
18,80,214,241,257,412,455,724
29,36,194,262,273
9,34,90,95,193,303
48,182,193,337,806
3,259,410,587,895
7,65,141,634,934
28,40,229,298,704,876
31,234,236,405,449,613,919
94,164,283,303,418,512,543
8,40,290,528,620
52,59,150,459,988
89,91,130,140,165
58,200,369,513,626
54,95,312,430,469
16,46,857,866,934
3,87,304,506,737
38,247,432,600,674
47,94,122,388,391,453,981
70,354,407,498,924
69,87,268,325,585
64,141,425,725,980
82,91,239,309,596,684,736
21,67,140,179,555,962,995
2,79,167,345,877
1,137,231,454,574,597,766,767
2,5,129,134,295
106,298,376,616,720,791,819,840
56,109,165,329,856
57,62,73,148,627,682,692,988
166,370,415,566,568
118,252,382,615,773
30,71,78,152,478
30,44,97,832,910
22,131,417,761,916
172,221,363,364,598
64,143,171,246,279,312,443,529
5,45,139,143,372,778
55,177,324,438,878
12,60,84,406,424
50,91,258,301,309,316,570,986
30,205,418,475,497,832,954
6,63,118,281,725
45,101,203,306,536
2,77,100,285,622
63,92,129,316,580
55,62,150,282,514,676,868
3,117,213,234,417
28,133,328,582,584,739
94,112,499,652,729
86,442,677,829,992
145,212,384,399,419,614,925
287,396,437,537,928
15,61,261,278,457,717
64,83,353,355,929
55,196,276,559,770,965
62,223,244,296,445
9,95,275,360,594
112,120,695,837,927
29,92,96,106,314,705
3,38,65,330,436,939,984
26,107,288,467,909
41,192,402,657,749,828
65,174,197,319,402
22,50,189,212,678
17,19,133,206,587
7,113,173,199,348,446,456
119,231,257,728,879
2,17,74,401,726,777
11,184,388,553,695,846
28,229,292,381,809,825
26,133,215,561,582,613
18,25,105,215,450,903
17,27,96,108,225,293
61,162,180,376,698
28,83,110,127,138,215,417
69,275,350,554,929
57,100,204,577,865
124,290,355,456,578,896
82,301,403,495,530,570,853,901
73,135,151,339,351,682,907
41,80,179,480,508
21,64,202,379,662
1,19,32,361,969
36,97,99,108,131,251,932
78,164,402,594,644,769,774,800
104,120,141,690,866
21,47,239,350,391,629,646,803
136,338,570,713,862
40,93,174,182,210,364,804
147,321,426,508,542,590
65,116,141,190,465,656,900
18,78,98,196,352
5,73,104,143,295
255,548,666,682,750
8,61,170,222,353,620,621,899
18,53,72,139,252,425,655,964
590,673,744,745,889
11,223,246,275,386,501,611
50,77,211,481,994
48,68,266,341,766,860
10,145,564,623,767
24,113,127,558,612
119,433,728,779,789
17,21,45,47,83,275,636
1,11,113,210,215
33,80,141,289,377,543,565,650
124,204,234,256,427,449,814
3,56,186,425,688,956
17,149,231,311,751
54,234,507,580,824
44,133,300,503,983
100,101,203,742,800
35,48,116,128,131
52,82,476,493,788
86,104,397,485,747,874
130,347,421,542,760
59,94,452,719,981
8,77,102,413,518,582,676
130,226,252,383,797
101,203,289,477,952
17,39,47,106,350,406,502,829
32,54,73,228,348
33,206,534,881,935
19,70,176,216,454,953
36,99,117,513,708
2,14,26,68,156,533,768
138,298,382,536,786
114,116,122,214,555,605
3,72,222,251,296,448
84,103,176,210,975
20,79,234,317,902
20,195,294,614,765
26,53,153,277,459,651
39,167,334,677,880
4,62,73,81,103,326,859
14,17,36,95,632,951
37,42,102,111,308,528
161,227,397,822,847
2,128,141,768,839,869
21,28,233,612,749
31,102,197,229,563
52,59,218,486,766
28,42,125,195,811
122,275,327,350,387,391,434
1,22,485,503,826
16,46,179,223,380,444,564
15,48,266,479,592
31,42,495,685,775
1,18,80,84,148,242
18,45,391,947,972
1,7,10,19,20,91,530
31,156,280,613,819
3,132,154,369,395
10,46,173,463,684,862
8,521,774,823,921
38,144,161,192,323,716,848,994
106,169,180,259,775
6,197,330,342,985
128,306,411,520,543,635,703,869
110,142,148,175,434,724
10,15,50,87,189,284,562,841
45,158,411,520,883
78,270,359,680,683,873
49,138,226,575,686
114,239,341,374,646,716
152,358,359,723,755,772
68,81,347,509,666
4,97,232,374,462,562
66,247,323,327,448,464,557,906
22,60,194,423,441,493
75,98,705,711,801
82,91,403,596,862
77,108,230,233,610
27,171,365,490,724
107,217,430,443,518,964
121,153,209,246,340,422,521
11,77,169,590,880,908,919,981
6,28,40,68,667
6,17,543,694,708
78,100,101,165,297,664,957
45,306,393,578,775
16,71,328,681,694,948,963
25,34,46,135,173,380,801
125,148,159,372,482
4,22,108,131,251,892
2,7,57,148,243,404,652
10,19,187,248,843
37,120,474,498,991
11,59,142,386,753,854
15,35,48,238,781
106,177,349,486,781
98,320,375,379,491,544
38,123,168,179,247,637,646
37,152,319,369,537,972
141,164,378,382,492,584,844
4,43,208,241,262,545
23,111,224,359,856
8,55,64,148,355,563,658
32,404,499,762,807
10,44,105,333,859
23,229,324,541,591
20,26,49,613,634
121,274,310,330,395,471,927
28,52,280,684,973
8,153,199,660,735
11,214,244,276,529
154,408,494,587,823
26,105,175,204,251
9,22,73,108,202,477
2,131,132,450,864,875,897,937
7,12,64,67,83
69,394,565,652,689
111,197,203,293,665
18,428,621,727,970
20,57,384,518,566,692
156,224,307,325,717
2,14,444,833,958
85,390,476,572,599
24,58,80,133,199,754,961
10,79,195,305,381,492,804
4,17,20,180,876
8,288,568,746,954,990
118,130,252,382,609,786
6,166,305,329,420,438,803
28,53,58,582,966
24,127,178,279,909
16,144,160,231,251,262,761
39,45,107,397,670
138,256,425,529,602,686
4,36,97,194,493
9,13,229,569,677
2,4,14,67,77,585,837
32,45,55,116,352,762
1,19,485,776,853
18,60,303,766,992
22,167,722,958,990
179,219,317,353,467
61,71,385,526,698,796
26,184,265,286,500
112,366,468,986,998
52,116,246,253,309
1,10,111,210,891
10,12,104,345,650
15,44,50,107,214,534,726,866
11,12,27,49,70,171
160,271,389,461,595,733
90,207,284,557,570
57,97,173,608,637
11,62,73,222,704,720
29,44,88,223,575
91,369,396,513,524,570
8,20,46,67,140,265,474,659
39,289,452,635,645,685
28,53,76,166,350,681,845
9,110,201,254,330,864
5,69,110,125,295,431,734,852
101,464,619,718,900
39,59,75,225,242,458
30,44,78,237,371,847
24,28,53,139,280
73,202,385,489,551
12,20,154,214,294,397,402
172,363,598,687,797,941
8,46,50,85,512
34,95,278,641,707
12,103,213,624,953
3,26,31,336,360
26,108,338,369,568,871
7,86,337,461,659,920
11,20,77,272,363
32,112,174,215,459
5,32,46,122,159,191,261
52,59,163,500,532,740,846
12,18,708,825,970
79,126,128,358,516,517
2,54,93,200,232
21,47,113,350,360,785
28,88,91,110,273,659,885
21,28,173,287,404,729
462,630,690,760,899
60,384,701,771,922
26,97,156,224,325,408
88,310,373,622,667
231,285,309,433,879
27,270,522,688,947
21,109,155,165,629
19,88,120,176,205,207,805
176,179,709,716,811
37,287,436,513,820
62,81,180,534,548,750
232,303,452,517,709
2,166,210,480,566
6,105,183,318,330,381,550,601
42,313,364,793,968
17,96,180,305,426,722
19,33,34,70,804
53,72,123,139,229,552
4,43,108,165,236,910
145,227,307,317,838
50,99,150,262,340,372,752
5,37,89,92,770
9,42,167,245,792
49,89,211,236,343
10,224,248,277,484,548
5,56,57,438,674,692
67,173,191,589,701
247,349,515,556,790
85,109,155,648,683
17,24,118,138,249,497,555
88,158,226,622,849
20,307,484,902,934
68,288,413,521,636,672
27,145,294,307,614,881
105,154,157,230,533
3,43,66,86,136,335
130,249,252,425,773,997
69,96,180,380,531,882
55,56,244,929,965
59,79,163,635,676,766
32,67,86,506,652,884
53,58,76,90,139,314
24,252,291,352,514,583
41,48,189,281,344,781,877
1,167,183,411,525
1,70,134,184,354,516
68,556,561,700,999
9,13,40,110,133,473,863
45,97,99,105,423,983
33,34,53,95,649,955
24,222,245,324,854
38,206,311,503,554,674
39,119,591,638,664
4,99,104,117,160,208,423,985
4,27,36,117,251,496
32,53,112,337,475
17,116,160,177,278,505
60,80,201,254,737
4,36,97,108,131
142,204,427,507,813,814
21,134,148,387,389,504,878,993
27,32,44,128,761,856
18,74,254,439,621
17,56,85,96,579
99,183,240,359,864
175,205,313,327,392,995
3,17,106,190,282,625
121,137,197,588,852
25,30,63,398,416
8,29,140,275,306,587
60,122,146,351,633
112,119,352,870,884
17,48,73,168,942
6,10,236,237,365,444,818
59,92,206,258,297,401,451,470
48,100,117,203,586
47,81,249,341,493,661
3,38,75,160,705
29,92,322,470,696,914,950
47,114,327,605,829
6,17,70,180,253
15,35,356,647,822,847,997
33,95,360,409,950,951
24,277,490,664,901
10,142,204,256,305,853
2,51,73,75,105,196,752,877
205,207,332,369,585
11,76,389,445,874
11,104,106,127,168
63,75,294,358,917
9,13,30,43,141,545
142,234,256,285,870
78,173,188,914,920
72,341,350,706,732
33,95,146,336,495,535
21,29,88,120,177
280,531,540,768,794
24,55,113,318,359,743
7,65,149,195,770,813,824
29,88,120,223,226
22,28,118,536,773
124,142,405,449,511,579,813,824
51,298,387,539,578,628
87,102,170,468,573
17,49,96,161,168,752
32,57,101,125,160,710
15,19,35,48,70,580,682,917
83,104,173,185,334
12,42,87,439,606
34,278,540,696,736,959
16,58,188,191,367
19,30,173,307,450,497,569,772
2,51,220,363,385
20,44,78,147,748
5,17,98,185,260,334,379,971
16,59,119,218,259,867
43,50,175,399,563
44,53,57,314,415
285,380,712,853,974
53,220,280,483,748,861
201,372,572,674,710
5,15,61,152,681
1,9,79,164,297
27,186,215,226,273,589
177,501,532,715,734,882,976
11,31,88,217,328,630,894
34,158,334,360,473
5,81,105,193,613,633
182,193,238,266,356
61,185,217,313,644,645,909
68,182,333,519,879,913
97,343,514,912,915
60,94,207,549,648,663,905
107,167,295,504,726,808
10,15,35,50,562,767
284,438,468,527,870
18,30,74,78,152,214,359
8,15,135,209,255,691,879,926
6,148,300,482,508,663
30,44,329,481,926
12,116,170,237,308,822
9,151,200,304,634,660
12,276,379,424,706,801,967
8,80,197,209,227,678
16,92,124,149,234,564
31,120,223,245,284,311,996
102,288,376,380,502
123,133,199,226,233,273
135,375,476,711,719
164,192,480,594,730
167,289,406,553,569
14,77,176,179,205,297,908
81,322,338,346,720,750,836
59,218,452,500,532
12,337,360,393,459,886
121,130,198,810,990
102,170,246,308,422,665
47,49,158,273,343,488,535,891
45,373,560,583,985,996
6,36,38,51,67,68,319
219,267,302,364,793,955
27,69,91,117,436,708,902
178,232,453,532,559,619
51,68,75,260,320,342
29,49,120,373,488,659,738
162,332,423,494,650
2,40,77,461,467,704,908
5,177,386,445,517,693
1,70,166,415,566
40,86,105,400,422,474
3,70,187,484,892
13,102,198,239,540,901
13,40,151,157,230,441
56,85,109,115,346,802
43,61,235,250,374
156,257,326,435,838,953
1,17,98,443,560,578,727
82,91,165,175,665,732,885
30,82,359,403,524,540
6,154,582,610,626
11,16,35,53,440,448
43,250,331,545,607,983
79,126,399,419,869
28,40,105,133,979
29,49,53,72,373,606
7,47,65,146,391
73,208,338,545,700,771,809
77,100,322,556,798
46,651,710,756,993
153,308,374,413,665
13,35,151,168,338
138,165,295,463,799,949
11,169,362,393,699
24,53,96,874,991
15,35,48,74,541,734
6,36,99,220,362
175,186,244,329,581,962
41,70,192,288,390,502,590
57,76,154,437,792
109,186,732,926,998
62,132,184,212,976
163,235,522,638,722,999
61,257,285,427,433
22,97,117,462,608,730,845
35,50,266,337,633,731
93,184,363,364,472
72,220,254,375,727,835
121,182,492,781,917
39,47,307,703,839
10,186,197,299,354,713
63,218,344,532,730,889
16,28,76,790,887
169,237,529,786,997
9,41,192,690,946
23,79,92,418,973
94,170,262,511,631,698
7,25,55,177,929
13,119,181,406,433,852,999
126,130,166,228,254
121,172,363,381,392,521
50,57,193,647,737,754
42,48,266,298,593,793,993
16,147,164,392,598
31,32,208,241,728,997
26,31,75,88,123,378
12,74,84,371,447,490
33,495,535,547,702
28,110,199,300,455,619
48,85,142,165,186
99,114,399,527,893
17,70,103,342,761
77,154,272,396,526
100,101,144,790,798,815
17,41,106,531,679
11,61,71,100,182,191
6,68,300,310,979
176,207,297,805,865
62,117,195,414,518,699
13,23,32,139,220,281,897
3,96,170,291,751
125,134,143,627,993
19,114,387,487,662
24,113,185,263,469,669,952
15,71,83,124,320,428
1,19,216,301,361,891,917
45,63,92,316,655,956
9,66,89,281,938
17,77,107,184,235,374,471,640
1,10,305,345,818
81,128,137,546,795,846
63,84,214,220,377,453
59,80,303,358,649
32,112,313,404,712
43,265,286,403,737,874,901
112,256,346,406,778
3,39,446,670,711
19,70,550,747,777
33,90,278,469,492,641
7,18,26,121,624
21,47,474,604,873
5,57,134,137,893,967
157,286,338,689,826
1,24,130,179,558,961
33,34,90,470,509,599,611,623
80,92,400,638,769,938
35,41,49,91,113,115,836
9,13,92,304,394,714,919
127,228,233,472,615
65,113,229,279,842
5,25,55,246,361,519,551
27,31,38,156,371
15,35,40,76,189,233
341,367,419,628,890,973
71,82,171,247,287,805
7,25,81,116,335
12,60,137,428,458
5,72,125,407,552
46,110,560,631,897
115,119,208,358,925
13,197,211,340,735
51,153,398,477,987
9,72,156,158,244,377
7,34,116,150,343,660
47,51,183,255,302,550,738
52,59,388,452,517,846
106,119,241,779,789
16,46,86,188,430,959
14,210,610,831,911
82,127,309,398,463
13,211,661,680,694
30,44,76,735,796
42,206,426,599,606,701
43,136,344,362,545
18,32,137,147,652
8,56,75,121,353,546,936
40,162,226,343,583
3,86,93,347,410,426,931,968
41,54,89,132,386,682
7,63,65,166,191,383
30,141,400,782,1000
29,104,129,160,282,416
17,23,79,87,284,573,884
30,44,78,748,755
16,45,305,444,821
62,103,231,241,322,840
24,58,150,263,431
12,81,254,382,654,837,942
1,41,192,309,508,519
32,71,151,157,762
5,328,489,557,572,754
132,183,257,418,462,666
118,172,271,321,426,725,904
4,22,36,251,423,763,916
11,15,41,119,167,257,312
29,38,239,350,604,920
22,103,174,194,654,750,791,871
65,161,271,442,479
3,68,209,417,791,855
7,8,30,33,55,189,201,620
84,148,365,372,477
9,159,475,500,729,869
25,98,119,135,365,429
20,53,173,599,819,991
14,43,467,828,949
91,501,541,692,717,734,851
43,82,91,115,136,903
17,60,71,80,538,905
15,39,182,216,337
4,36,153,157,194,203,720,916
7,64,253,282,624,656
1,5,16,19,277
9,66,124,154,204,417,621
7,24,53,84,324
54,131,136,287,672,693
58,216,245,410,669
22,97,172,262,505
115,121,282,690,786
83,102,282,563,710
9,13,211,236,407
26,31,118,156,255,305,700,812
3,327,374,434,629,916
208,265,387,413,683,732
5,24,243,335,394,467,624,887
78,223,273,292,471,588
49,79,123,141,235,373,423,581
4,5,87,134,372
28,40,76,199,233,887
3,55,87,89,233
4,22,84,460,763
49,158,255,383,490,747,938
119,334,402,421,569
3,13,15,76,180,728
11,20,23,108,317,457
109,130,470,501,630,854
149,195,535,765,858
28,43,77,300,414
62,106,177,201,290,507,509,933
25,51,75,98,110,178,320
23,65,67,90,92,136,401,736
46,56,79,146,370,449,472
37,43,115,250,286,809,913
8,83,132,194,323,825
72,150,177,253,897
1,10,19,70,345
15,264,283,384,539,902
10,107,273,361,532,667
23,129,244,304,759,945
36,150,190,231,626
344,388,421,470,480,907
73,158,548,597,753
4,36,194,262,319,417,493,547
32,159,240,310,672
35,45,65,258,292,517
92,97,135,227,591
22,145,203,263,369
14,94,184,237,709
8,9,14,77,434,654
20,162,643,830,870
7,85,107,190,422,499,662
92,316,328,401,994
9,13,147,295,482
20,124,474,495,576
15,35,193,356,731
3,67,183,318,348,915
1,80,169,405,985
44,174,204,407,496,645,947
76,82,231,253,709
91,463,524,530,713,751
4,74,99,373,806,841,998
8,35,48,75,130
19,23,46,129,926,994
8,80,237,414,442,505,588
90,93,147,313,728,879,982
14,139,166,268,368,416,688
7,48,114,276,440
120,158,488,583,589,622
21,47,175,374,481,856
20,126,227,294,512,794
37,111,166,415,566,568
11,91,169,424,666,753
59,231,411,486,655,843
95,96,140,296,905
1,204,219,267,445,479,924
56,413,525,901,976
45,96,208,376,726,996
29,72,130,258,380,679
10,18,96,230,345,347
9,13,89,219,724
1,2,354,776,845
10,13,109,140,186
40,50,76,109,110,125
70,281,466,948,978
28,157,214,403,604,830,882
65,66,319,701,708
111,535,576,859,898
48,50,331,362,802,932
168,172,178,245,793
93,147,176,207,467
18,23,74,89,129,244,473
38,75,95,319,325,420
111,141,291,552,606,725,913
41,164,644,657,911
4,99,131,429,731,763,954
20,137,149,204,227,552,682
102,158,283,480,635,676
5,100,148,201,242
33,95,169,736,959
9,23,211,229,694,910
4,26,99,108,332,377
119,257,280,309,446,751
71,388,433,698,930
1,12,60,113,460,627
26,31,248,378,812
9,61,368,457,689,991
43,136,157,351,394
32,112,281,380,712,762,974
137,206,242,268,458,554,758
145,297,638,652,738
12,18,60,118,551,822,923
20,23,287,407,537,989
102,153,170,380,404,451
23,31,35,211,561,888
2,21,72,107,275,314,552
396,437,486,642,972
47,114,122,146,391
181,270,368,522,688
51,75,86,178,315,546,559
121,209,246,288,308
29,113,120,137,143,883
69,224,605,868,884
179,207,297,510,796
53,80,207,299,314,483,865,908
27,34,171,365,707
49,85,366,525,856
20,145,212,283,448,881,934
30,74,259,274,414,772,835
34,100,183,346,349,800
8,29,49,102,223,298,451
98,231,250,257,571,789
61,71,174,760,989
10,32,90,98,324,776
67,99,118,155,281,678,920
25,38,88,320,429,526,536
63,258,383,747,956
27,108,171,365,490,930,932
7,45,59,537,578
56,87,527,745,870
47,276,469,655,832
17,96,106,168,531
20,144,294,515,542,794
30,41,125,312,480,664,817
21,67,210,579,673
10,42,155,583,639,780
140,190,242,260,264,299,788,960
3,32,112,159,236,281,547
33,95,205,225,739
28,76,138,233,572,640
9,23,64,65,83
68,74,80,191,259,424,538
24,35,57,542,669,785
26,64,103,561,868
2,59,78,259,444
61,288,311,411,829
154,427,751,777,912
40,76,145,307,446,531
24,62,234,469,820,906
54,145,334,356,478,721
47,50,52,67,69,361
58,87,114,117,130,426,431,468
2,5,38,46,372,523,585,651
54,269,471,478,857
17,72,142,168,566
12,161,214,237,727,860,1000
285,296,507,522,724,861,919
195,346,579,593,827
269,421,657,679,730
20,145,227,317,450
7,58,83,88,216,618
81,174,285,567,576
2,59,64,71,173,194,923,995
27,33,67,293,642
8,153,170,246,340,521,588,921
120,123,158,575,883
187,257,270,368,522
10,155,308,441,460
17,53,72,106,113,558,606,961
6,26,28,46,171,584,612,914
20,109,155,165,683
57,303,337,432,609,623,721
6,75,222,271,671,979
34,61,95,653,947
12,16,74,87,214
60,187,206,617,787,825
3,38,66,67,440
16,54,189,269,448,556,931
405,427,593,765,861
37,210,370,416,528,566
25,47,85,162,408,526
45,112,159,189,393,977
24,72,147,364,984
3,86,192,697,806
145,227,283,450,902
7,20,41,164,331,673
15,35,48,250,317
21,52,69,101,394,495,500
35,79,123,147,196,221,910
41,122,326,370,588
12,60,167,188,805
1,76,85,432,519
50,101,189,400,822
15,35,50,164,182,321,542,935
53,86,411,432,520,996
8,49,121,123,308,620
1,3,37,76,111,326,855
13,26,31,66,139,224,552
21,63,92,153,178,952
19,32,42,74,277,331,669,807
49,127,199,533,640
64,167,289,312,528,569
22,73,81,194,423,700
1,10,70,216,361
87,124,142,149,420,680
25,75,135,178,960
12,60,504,603,754,825
16,159,261,455,459
18,121,213,390,673,817
4,110,117,334,452,834
11,43,57,97,169,558,773
55,83,132,429,567,808
13,36,841,876,937
226,321,348,478,849,927
156,180,197,221,378,853
13,15,16,129,181
161,400,442,479,860
21,32,95,135,502
22,116,609,677,705
5,78,93,153,301,488,868
88,318,550,899,963
37,114,273,291,416
78,152,247,292,339,674
137,268,311,357,458,852
6,14,68,73,342,548
61,74,251,654,658
30,78,175,292,785
71,457,645,698,918
109,131,140,366,371,496
33,34,90,509,696,886
23,55,86,89,203,407,735
43,52,82,430,851
39,167,198,289,604,726,864,925
79,126,128,418,890,973
10,30,44,478,821
17,107,185,217,430
62,215,228,616,779,840
3,17,49,258,299,345,786,826
44,114,152,192,974
2,3,5,77,85
3,66,237,315,464,930
70,131,248,795,899,986
13,31,134,156,549
20,283,307,474,838
14,52,59,303,740
22,366,675,809,944
437,571,642,918,963
18,40,51,103,114,199,727,819
33,409,540,632,739
56,109,140,155,186,525,894
27,30,44,152,292,522
14,300,541,567,708,797
35,69,182,356,441,505,813
9,25,51,75,211
114,176,281,368,703,973
7,96,118,162,809
6,63,71,298,654,702
134,186,674,894,989
1,14,75,272,715
56,140,175,362,995
13,23,44,359,407
9,13,446,584,784
12,58,113,124,179,367,843
45,306,520,655,775,777,996
1,69,104,225,246,782,908
3,38,114,352,662,984
87,284,420,468,506,573
93,147,221,333,784,975
90,181,187,235,409
43,91,309,383,740,885
21,36,82,88,159,275
17,57,346,867,940
28,55,200,341,424
58,98,218,335,336
2,14,174,215,255,534
31,71,95,584,668,798,964
4,97,131,441,462
9,13,23,27,602
54,132,198,318,518,695,810
9,61,71,316,321,383,918
22,36,97,117,131,763,932
57,124,167,204,514,637,814
6,12,271,354,980
526,564,591,623,797,823
28,40,50,127,133,731,935
128,399,402,542,817,889,890
84,191,405,675,691
94,232,358,547,647,810
3,22,105,125,202,310,441
6,12,21,29,135,342,472,839
9,13,72,197,244,784
54,132,149,155,318,601,898
181,320,362,415,437,852
1,24,367,448,934,969
2,14,23,77,89
98,135,276,519,719,936
69,138,230,639,723
53,78,262,389,891
7,58,161,425,592,912
7,83,398,556,742,815,965
27,365,589,850,874
51,296,299,575,698
63,105,109,268,324
34,90,270,509,707,722
8,44,81,215,322,620
12,57,127,256,846
4,14,33,39,76,108
39,110,128,152,808
29,92,373,375,977
97,221,313,443,904
5,57,62,120,201,523,933
1,19,119,417,465,515,785
64,92,121,414,857
33,90,336,696,950
2,77,79,104,610,890
4,117,151,155,394,456
68,187,235,274,636
65,227,230,248,585
9,23,122,236,702
8,37,139,145,370,415
3,42,52,66,93,392,695
7,339,355,563,747
18,428,456,586,938
43,66,79,94,312
31,104,151,538,992
161,179,245,510,796
7,150,618,715,718
44,49,207,297,410,467
42,66,139,147,221
16,60,261,551,837
122,228,256,495,507,858
5,352,651,878,986
1,70,248,277,456
32,48,50,112,155,820
5,48,50,189,457,719
61,78,100,172,382
56,85,263,414,481,488,527
9,30,93,171,267,292
42,102,107,170,422,542
94,219,299,388,516,619,845
21,47,114,605,629
57,69,133,627,756,765
17,71,106,170,376,617,940
11,58,68,106,196,249,263
45,71,170,763,881,911
42,93,107,432,842
5,14,201,211,610,651,849
14,54,113,264,527
16,45,46,258,306,393,411
37,40,85,205,504,665
39,185,217,245,367,558,664
161,222,447,599,734,955
7,33,166,210,258,285
23,51,304,429,581,936,971
63,154,162,332,830
2,137,268,758,957
3,37,111,528,568
1,141,259,379,616
1,14,180,301,638,922
5,9,76,143,355,756,988
1,43,162,331,802
36,54,56,117,395,944
111,288,422,588,774
7,101,190,203,477,912,965
109,155,175,648,675
12,18,19,60,74,157
130,138,249,382,425,609
34,90,118,167,193,278,430
52,123,150,776,885
9,60,80,211,594,706,745
46,127,133,222,366
1,10,182,301,356
30,40,44,127,954
15,32,45,459,475
13,69,221,311,392
18,34,72,187,425,797,994
24,28,127,386,424,807
48,524,526,762,849,924
62,120,293,505,691
38,48,121,157,230,393,456
24,113,134,279,577,637
4,15,241,251,252
6,88,330,343,550
6,208,232,250,472,517
1,76,287,642,681
87,88,113,159,438,894,974
46,196,201,209,705
4,8,172,181,679
183,198,395,443,518,601,927
14,37,174,255,322,416
69,181,187,188,368
28,37,271,304,449
38,66,86,315,503
118,130,338,362,640
63,103,258,385,457
52,101,265,286,550,650
35,48,146,217,492
18,22,80,152,460,832
34,164,657,946,978
36,43,146,710,754,817
10,24,58,234,433
24,39,56,75,85,186
27,81,126,213,384,872
18,25,27,134,171,293,496,691
42,82,91,524,549
27,171,237,293,941
11,62,141,548,676
34,90,278,540,950
26,27,45,225,293
210,290,291,370,568
4,99,194,441,855
149,204,427,511,593,872
29,121,158,223,454,488,573,574
1,68,543,562,625
30,62,73,81,200,284,438
4,115,152,208,346
45,165,252,316,516,548,967
15,35,40,50,76,781
108,124,142,195,265,607,814
80,219,447,816,924,992
17,21,45,77,240,579,812,876
21,85,109,122,146,646,683
24,101,188,341,539
7,48,64,69,421
52,60,63,190,476,508,626
5,37,185,189,880
40,399,498,745,764,768,925
48,49,260,358,643
5,36,99,183,603
221,247,322,597,622,842
5,31,32,143,360,743,812
2,22,195,300,605,851
4,11,38,204,256,858,998
16,46,240,261,741,937
403,463,596,827,834,836
30,95,98,641,755
5,50,226,404,634
12,18,74,80,867
209,414,465,511,933,990
17,126,146,497,603
41,169,390,398,478,945
11,197,207,475,529
111,290,436,462,931
8,54,132,246,395,413
3,116,315,319,915,969
43,82,250,331,607,834
101,118,144,150,245
61,390,463,571,918
7,65,116,684,834
7,83,216,253,309,384,484
13,42,129,381,473,975
37,66,210,497,816,957
61,87,188,196,232,266
19,277,289,492,677
52,163,184,198,232,303,518
10,21,34,43,225,667
12,84,178,254,538,595,649,970
39,163,219,299,472,714
5,125,134,523,658
25,32,51,546,559
8,36,56,165,720
6,68,83,282,900
1,10,28,32,76,110,121,642
16,37,56,188,355,807
8,209,414,611,895,899
2,14,84,306,423,714
88,212,343,351,877
133,155,190,229,596
31,381,687,689,896
33,34,66,699,701
1,12,18,53,74,127
20,62,127,389,615,945
151,183,224,289,760,818,861,907
8,102,353,475,499,547,729
34,158,162,689,848
10,28,143,253,531,888,943
63,66,86,366,697,764
33,81,397,509,721,978
21,104,271,675,949
235,371,787,930,947
211,327,563,656,798
187,270,533,671,999
52,59,94,126,163,184,212,483
25,196,260,466,519
1,41,164,344,361,744,769
6,147,274,904,914
36,272,592,719,860
65,112,672,944,975
57,143,356,579,603,658
13,49,123,308,343,373
93,147,190,549,656,668,741
27,105,546,612,704
9,89,236,243,407,661
389,487,595,733,828
46,64,82,156,627,740,755
100,101,203,398,556
22,27,63,71,235,465,997
36,45,436,453,529
26,64,197,200,575
163,219,445,486,608,924,981
151,389,435,716,757
106,171,276,296,373,506,661,829
18,112,214,271,551
21,611,671,832,960
8,104,150,465,725
46,144,151,284,653,916
33,82,684,777,882,886,959
87,261,700,923,986
5,295,372,504,778,988
7,34,41,116,152,232,420,593
29,34,504,541,815
11,163,185,302,523
53,69,460,721,950
125,148,504,778,808
3,7,38,224,226,378,844
16,41,228,261,390
12,157,220,280,314,435,565
7,64,65,86,315,555
5,57,443,871,878
61,71,75,135,918,987
15,96,167,219,222,651,850
20,49,128,562,597,690,787
54,132,183,318,864,875
78,442,510,835,860
33,62,141,267,463,487,676
35,42,647,673,863
100,188,245,263,742
62,69,174,268,357
19,61,400,571,964
144,270,802,922,995
3,9,67,112,503
7,53,55,139,177,483
3,90,432,440,464
3,7,66,893,911
68,125,128,692,993
117,200,218,586,743,779
59,89,218,244,388,516
34,52,95,198,352,360
79,128,294,450,543,703
2,7,30,69,72,295,321
2,98,106,458,833
10,39,61,70,71,305
41,60,61,571,707,808
5,10,119,216,248,354,405
94,156,185,195,449,593
15,266,586,731,935
34,110,133,263,301,811,891
44,78,104,344,497
46,56,88,240,324,521,927
28,40,76,446,612,811
6,7,33,56,143,330,654
62,73,105,161,818,896
32,88,159,273,499,575,941
52,55,84,491,948
59,148,163,453,685,843
17,19,114,168,180,301,485,905
11,25,34,122,434,604
33,54,653,707,951
6,87,103,206,480,969
11,19,20,31,602
26,64,150,194,462,624,715
8,31,224,325,812
24,58,113,263,367
16,30,242,431,534
12,13,60,89,254
212,501,564,854,881
74,111,219,302,412
20,132,198,474,478
126,153,187,686,749,839
236,247,310,323,590,600
56,108,136,140,329,366,683,827
1,24,47,140,308,418,831,992
7,42,321,814,898
43,92,258,394,470
41,344,595,704,949
8,170,209,288,451,895
49,123,141,271,465
21,212,239,275,549,598,748
6,202,342,514,656
40,76,133,446,582
55,340,349,398,477
54,132,198,631,663
45,259,616,655,840,977
158,231,489,560,628,793
23,328,471,600,759
31,219,255,274,329,838
5,125,224,658,878
28,127,133,199,233
259,435,524,642,803,886
30,116,225,554,631,757,928
16,81,262,511,989
62,119,174,433,771
25,66,336,553,743,811
47,79,126,128,238,419,434,625
51,186,372,538,741,917
73,77,81,228,558,567,666
267,296,302,523,909
12,59,117,263,753
19,40,202,408,422,460
18,22,74,441,948,970
22,57,98,241,419
6,29,68,124,252,592
12,27,51,84,324,680,939
4,27,39,111,171,172,501
13,43,218,257,758
12,18,74,84,214,412,428
65,66,436,523,770
11,105,202,310,349
10,19,216,277,420,438
78,234,299,302,345,614,673
29,45,226,659,738,775
2,128,280,290,320,559,758
3,20,32,150,482,872
7,23,63,142,149,195
55,116,143,333,647
5,14,116,527,767,957
69,169,268,311,357
8,144,221,273,508
31,109,136,137,294,378,675,1000
56,109,165,186,944
14,84,355,628,844
38,58,61,66,440,903
26,46,53,209,363,686
96,168,227,317,384,450
13,64,73,89,103
21,47,114,327,387
8,149,158,238,408,413
146,167,269,275,555
29,62,63,81,240
39,209,236,479,703
33,90,453,635,951
42,324,440,598,984
1,52,357,697,939
81,169,396,439,595
126,266,306,391,657
42,221,313,321,347,982
93,157,171,365,371
16,46,173,191,455
26,68,198,202,274,353
27,225,371,490,496
54,85,553,633,990
11,16,30,106,107
46,60,63,401,433
22,131,374,502,892
41,73,191,498,594
39,89,102,340,364
11,35,51,289,680
4,18,510,707,805
90,93,313,619,959
86,350,539,697,873
5,9,17,57,98,482
6,84,123,147,304,640,890
8,181,283,325,458,736,965
18,487,782,969,980
85,109,155,165,186,962
4,194,498,671,714,907
6,10,562,663,671
19,369,463,484,596,882
47,66,75,135,454,524,732
8,98,100,276,987
15,35,50,193,337,633,806
4,29,72,139,991
6,42,238,274,337,636
37,54,326,415,437,723,803,820
82,140,326,481,834,885
47,146,239,502,803
3,115,305,464,529,903
10,151,351,456,689
51,115,185,284,983
272,286,560,589,799,983
16,30,82,173,191,238,392,930
111,168,179,239,268,720
36,117,344,402,644,714
2,56,58,85,329,332,532,648
267,296,299,447,816
5,27,50,57,228,293,750
1,125,279,367,447,954
10,149,220,614,889
75,98,429,705,711
72,220,280,455,787,897
2,162,567,610,715
39,107,430,670,726,952
21,25,102,122,131,320,921
41,278,390,540,641,951,978
79,147,342,483,933
1,70,248,269,390,767
49,72,139,552,761
38,66,67,336,632
37,111,173,188,723
16,65,188,291,580
90,107,143,201,721,843
27,56,68,420,636
118,130,249,643,946
118,382,609,615,640
124,142,511,848,858
25,114,122,153,275,873
4,108,138,609,855,871
11,160,454,461,816,953
254,466,591,742,946
20,272,317,450,528,913
62,110,237,290,370
31,218,335,453,500
39,52,94,149,184,334,517,709
13,454,568,602,783,835,872
6,49,201,223,300,353
144,328,489,515,557,572,888
1,81,229,301,485,534,597
2,14,77,264,833
4,270,501,617,787,788
6,218,303,576,685,898
29,88,154,343,653
87,153,340,420,451
4,24,77,89,93,249,276,291
29,36,223,745,892
59,358,452,472,709
3,66,67,315,440,697
6,68,134,240,671
22,29,53,273,483,606
14,60,104,135,617
9,126,128,418,922
163,180,322,435,565,757
4,41,58,307,607,703,842,929
310,530,570,667,713
47,280,311,515,752
31,41,84,254,269,928
8,121,129,197,209,422,759
26,31,226,264,377
45,222,349,403,473,545,611,956
36,40,110,116,199,584,615
44,206,357,782,821,980
29,66,120,123,181,410,622
44,239,325,499,804,961
2,3,33,123,272,282,744,862
13,89,137,242,458,581,639
8,54,323,451,601,875
83,151,351,435,514
60,74,84,161,400,1000
17,96,376,406,469,905
20,21,212,448,477
60,74,254,412,439,621
29,49,97,138,556
2,14,77,264,553,958
87,90,119,189,242,385
31,36,100,176,520,629
29,47,212,286,851,887
33,164,344,537,649
19,111,129,152,230,435
119,259,360,471,702
108,213,259,727,757,833
27,174,225,561,771
52,62,232,335,358
42,93,321,381,392
3,138,245,375,452,644
78,92,451,580,956
26,241,370,378,941
42,71,93,426,700,842
142,191,283,332,339,490,685
54,72,86,424,875
15,48,189,356,877
96,106,180,644,817,946
2,14,52,57,112,272,388
154,162,178,428,526
39,107,185,406,430
162,396,693,823,928
76,152,348,428,669
162,287,306,349,456,554
16,33,46,510,717
6,202,533,561,648,792
21,47,146,330,445,455
13,16,23,32,115,744,937
4,10,124,163,485,801
161,400,479,847,1000
19,34,69,99,129,206,314,758
29,123,230,560,563
135,153,196,386,753
126,170,250,272,769
37,199,230,338,351,831,859
25,50,71,193,466,681
25,75,162,494,544
1,252,305,320,348,361,536
69,311,315,458,482
7,64,83,177,253,660
3,4,354,436,678
6,202,300,330,663
33,148,301,415,462
103,156,182,718,932
33,34,90,641,721
19,82,209,215,602,892,982
1,19,72,125,406,662
30,74,165,460,675
25,122,135,199,260,277,936
37,50,166,723,746,764
18,105,177,269,375,711
74,243,401,565,779
24,81,103,172,255,376
62,73,319,589,699
4,132,249,272,348
37,111,290,291,326,416,859
22,37,291,525,788
12,59,84,94,270
79,126,399,530,957
3,23,38,62,248,264,795
41,63,83,87,227,326
11,51,85,135,494,680,711
2,9,24,89,106,945
164,248,508,600,744
32,125,134,159,352,712
11,31,243,602,783
5,20,134,317,838,893
23,44,78,95,265,292
53,183,695,810,936
1,3,19,86,888
6,32,67,377,618
4,60,99,439,948
65,83,333,513,693,972
1,10,25,232,549,687
18,80,285,464,538
1,12,13,136,903
62,103,461,487,733
41,144,402,489,600,790
101,349,387,454,716,798
9,28,40,110,694
56,112,408,412,468,608
11,27,34,219,336,559,739
51,75,132,274,379,454
9,23,89,118,159,213,876
6,564,567,717,866,958
140,175,329,366,962
15,22,37,68,240,586,841
25,102,267,447,858,895,968
11,208,217,256,799
101,400,457,634,670
71,208,218,601,668
60,80,179,265,315,335
178,260,320,491,546,971
281,459,499,547,807
22,36,203,788,815
24,113,279,686,976
144,247,323,328,906
3,67,213,464,730
82,161,411,607,851
29,49,88,120,123,583,659
144,247,557,790,906
65,71,139,668,989
19,42,93,156,347
250,650,802,827,836
42,66,176,205,221,643,867,937
26,135,222,491,868
38,410,503,678,931
38,111,120,431,769
2,444,833,938,958
3,15,16,48,50,613
4,7,58,192,561,627,813
11,76,115,162,269,332,494,741
40,127,133,199,312
11,41,70,641,773
56,67,85,530,678
30,73,198,748,821,975
160,704,749,828,949
39,83,91,243,649
35,48,178,439,476,863
2,55,272,374,444
75,152,176,341,875
10,70,194,355,618,974
33,409,653,696,739
20,145,283,397,794
18,38,109,419,521,977
39,183,217,318,348,461,569
27,29,126,202,240,581
10,19,103,215,249,534
108,279,383,513,570,904
64,150,200,442,624,987
1,144,235,247,264,323,368
206,242,267,339,357,670,942
3,38,213,590,941
15,35,50,238,633,752
176,205,207,221,549,796
21,37,47,291,296,729
1,61,229,243,668,693
49,139,290,632,887
55,64,190,514,626,718
37,73,96,146,150,409,645,980
9,51,79,241,512,594
13,248,260,410,757,955
2,25,260,392,535
2,19,243,263,399,503
30,212,316,639,697
67,86,114,213,464,539,931
6,30,65,252,431
201,295,482,603,933
20,166,278,722,723
14,72,220,264,314,322
63,81,103,228,780,791
25,51,97,318,375,429,617
12,18,225,255,666
25,51,101,196,815
42,94,172,363,410,968
