14
49
13
7
2
22
3
10
11
14
55
9
11
49
21
51
53
9
14
24
1
7
11
41
5
40
43
33
18
35
40
27
16
16
21
7
23
13
20
33
6
15
17
35
46
51
1
21
18
21
5
8
38
30
3
12
2
41
8
9
44
19
32
3
3
13
13
22
39
14
44
38
19
9
5
33
49
35
29
9
19
26
3
9
12
13
50
18
11
16
26
32
15
8
16
53
7
5
7
47
47
10
19
28
22
53
20
7
12
33
23
27
41
1
17
3
7
31
42
18
10
1
18
4
2
29
33
29
11
31
7
30
33
2
5
17
39
31
38
12
28
4
2
34
24
1
15
2
4
3
48
35
10
56
12
40
48
18
27
28
54
56
8
6
12
23
20
53
55
10
43
15
51
19
12
45
3
5
45
53
37
21
30
8
20
12
37
51
21
3
51
6
21
7
4
5
10
30
33
3
2
22
47
4
45
39
45
17
10
23
11
24
13
9
19
14
20
8
36
38
15
25
18
40
43
18
24
19
11
48
42
8
33
4
37
11
54
21
1
22
42
39
11
11
41
10
34
14
31
17
7
31
3
9
19
4
42
32
42
5
51
7
41
49
17
21
36
39
6
37
28
49
18
22
1
5
14
16
41
38
27
3
24
50
4
17
52
10
20
23
23
35
43
24
2
36
45
1
36
22
14
36
8
11
14
46
24
10
26
22
39
20
15
38
13
32
24
30
13
5
15
19
34
25
40
23
1
34
12
22
17
56
3
20
17
16
21
17
32
10
1
22
18
6
14
17
15
30
47
1
48
27
10
14
3
21
39
8
35
16
14
17
15
15
43
12
41
37
52
23
43
2
18
1
5
53
40
40
5
27
15
31
32
24
56
55
1
8
28
6
1
15
46
48
30
52
24
47
29
54
32
6
26
27
4
20
11
56
16
13
46
9
10
10
23
23
7
29
29
50
6
10
7
9
31
15
4
9
5
20
41
13
42
1
48
13
52
50
9
13
7
54
30
49
36
33
36
24
4
24
10
8
8
55
51
48
44
39
27
9
28
7
26
13
28
5
45
50
20
32
10
8
11
24
27
5
47
30
54
6
12
2
38
14
14
8
28
18
34
43
5
20
7
56
4
43
35
6
27
8
25
1
13
2
3
50
4
6
16
45
4
29
52
3
34
8
8
30
5
46
10
37
2
26
12
56
50
23
55
26
53
8
22
19
4
31
52
9
1
16
25
6
29
5
17
5
27
19
15
22
9
38
20
39
1
47
34
41
5
18
40
14
3
25
48
23
49
23
20
26
44
34
50
50
18
4
2
46
4
32
11
33
18
33
49
21
56
10
18
6
25
54
4
6
28
26
19
15
25
34
30
55
2
1
1
38
17
36
31
49
25
33
40
24
31
42
37
3
8
10
9
18
25
3
29
3
2
1
1
25
51
16
21
3
8
22
2
37
39
31
16
52
15
6
20
1
21
12
9
17
2
27
16
19
46
3
6
2
18
3
11
1
22
20
10
19
22
44
41
20
22
22
6
34
12
19
20
13
6
55
44
19
12
26
8
31
15
37
48
25
43
2
52
11
30
16
13
44
19
19
13
22
29
28
5
9
16
25
8
2
5
27
26
7
3
1
25
3
5
19
16
37
23
36
28
20
9
42
27
6
21
12
28
25
11
16
2
18
16
8
51
47
21
6
6
23
32
35
28
19
26
21
55
2
35
2
48
39
11
31
7
27
7
23
4
8
14
29
6
4
19
35
31
10
46
14
46
2
42
32
21
28
55
11
41
31
37
7
42
34
19
11
15
24
14
45
25
47
17
47
5
17
1
14
45
21
27
2
17
30
33
40
4
4
47
36
6
22
38
23
35
54
56
4
9
17
17
28
1
56
23
35
49
26
35
17
9
24
29
42
7
15
8
40
36
8
54
4
18
43
26
39
14
25
7
12
25
4
23
54
4
26
21
30
45
25
9
40
29
50
7
4
1
53
30
11
21
2
42
20
24
26
18
50
26
16
33
34
6
29
14
7
6
12
10
48
38
4
25
3
26
24
17
15
53
34
32
45
20
11
6
3
23
51
13
7
14
44
11
13
10
37
40
36
29
12
30
52
3
43
13
7
2
24
21
5
7
18
13
53
13
19
1
12
11
6
43
9
28
16
16
20
55
35
36
32
39
49
16
5
41
12
44
44
3
32
38
15
14
9
5
52
29
27
15
26
46
16
22
28
8
15
17
13
18
27
5
2
44
10
38
9
2
34
12
46
31
12
37
54
