74,93
85,225
18,114
106,132
46,109
82,120,148
22,262
36,170
5,139,219,295
5,131
40,180
35,258
104,174,176
1,54
48,109
1,28,72,248
76,78,110,129,240
15,236
27,51,56
47,59
11,39,91,158,258
59,69
3,12,236
139,160
10,59
124,208
132,145,155,188
101,171
41,68,121
254,276,284
9,231
91,281
41,90
30,107,208
75,253
17,249,276
88,95,222
41,57,66,230,270
11,27,256
117,195
32,44,186
17,120
159,216
160,215
19,101,242
46,95,173
1,242,257
38,55,111,259
80,100,285
29,31,166,269
144,254
5,278
27,231
62,186,261
50,149
1,56
6,53
94,195
16,90
15,45,174
1,2,26,174,299
19,171
15,202
3,176
80,106,235
4,78,94,191,281
42,115
46,163
33,124,129
84,246
128,237
22,54,192
121,126
26,256
115,164,178,192
69,142
97,155
23,30,184,279
107,184,267
7,38,111
117,148
34,79
15,60
51,164,244
4,13,82,270
52,185,226
7,108
58,67
32,180
84,144
22,137
83,121
4,165
2,82,283
64,252
97,264
68,87
16,123
215,260
28,34,154
56,147,290
24,94,293
38,159
3,10,37
70,214,294
9,22,213,262
6,288
23,289
55,159
35,209
104,132,184
77,96
64,275
35,67,200
67,269
3,165,176,207
12,228,288
110,237
26,263
73,233
107,208,214
37,91
51,211
51,116
3,4,32,187,236
117,182
29,53,63
18,50,80,239
73,205
247,265
51,146,257
34,92
59,82
70,182
63,114,270
8,50,122,194
42,287
220,224,244
32,82
29,73
24,26,56,172
75,115
196,278
127,250
34,123,245
62,283
20,99
31,73
11,17,204
11,69
88,132
162,167
12,18,46,95,221
16,90,141,230
28,110,185,189
83,87,185
36,88,221,279
2,201
98,157
125,135
98,149,238
75,190,231
66,137
41,141
51,158
54,218
42,96,289
6,108,175
11,25,200
55,120
9,291
18,149,182,222
161,192
26,158
92,175
274,293,300
10,64,192
42,69
27,256
20,132
26,141,216,231
100,240
45,258,263
30,164
179,190
72,85
65,96
20,291
64,156
170,267
3,33,180
136,199
50,74,103,284
15,48
2,140
20,128
107,164
8,54,183
27,37,253
42,61,292
26,61
14,25,43
138,164
34,81,127
38,55,150,204
150,153
143,210,251
66,80,213,276
94,122,282
48,104
49,71,103,107,139
24,252
95,222
43,50
39,102
69,99,163
67,184
7,62,118
19,22,25,98,173
8,139,217
1,17,150,153
130,226
68,226
40,255
111,159
84,100,240
9,48,102,273
9,26,27
23,138,179,279
206,235
4,233,234
49,106
125,144,203,260
25,282
10,75
5,34,198
20,116
14,112,191
3,82,281
6,113,156,166
19,159
10,36,47,142
273,279
22,30,76
2,172
1,194
3,46
26,156,192
36,38,47
194,248
154,255
2,211
34,87
46,210
104,166,216
37,61
152,173
32,133,291
86,214
165,207
59,294
66,213
1,153,218,284
16,89
23,42,46
47,133,231
62,217,238
28,65,176
7,266
21,141
112,271
36,296
10,16,42
70,81,112,254
118,130,193,245,272
66,297
24,274
23,30,279
77,143,167
123,189
83,110
89,110,189
51,61,158
25,53,77,242
1,11,114
32,63,277
183,219,232
109,152,221
63,98
3,162
2,140,223
111,120
34,68,87
19,93,229
21,113
58,102
48,225
80,137,262
41,121
21,283
7,30
1,41
68,110,230,280
25,28,83,185,276
14,20
198,202
52,101,171
93,179
21,136
43,57,241
101,150
24,126
6,57,117
17,140
43,45
9,51
6,8,18,76
155,214
106,133,145,155,292
148,272
83,89,110
38,277,300
27,61
15,73
21,84
85,246,273
97,193,292
5,36
7,120,159
57,66
70,145,155,182
59,69,163,170,298
48,224
18,78,151
157,252,268
46,116
40,162
1,5
15,220,258
3,33,127,187
5,29
8,11,52,219
12,36,75,148
51,75
22,275
145,284
4,13,14,40
21,214
9,13,146,195,237
55,85,92,268
14,57,297
15,247
47,66,277,300
28,209,268
8,199
18,26,27,38
23,29,52,177,207
5,8,39,91,239
22,99,163,170
13,44
16,22,134,222
3,241
50,147
49,58,195
68,150,185,230,274
10,127,139
35,58
89,154
45,200
23,86
131,144
122,282
40,186
77,79
102,216
6,266
13,97
30,157
154,198
136,156,295
197,247
54,282
94,126
39,52,278
3,196
50,89
34,89
14,112
23,100
185,298
4,13
197,270
2,168,285
32,49,62,164
29,94,194
30,119,206,234
16,37,41,43
124,197
36,163
32,40
7,12,38
4,126,201
86,96,140,174
19,26
16,41
4,39
21,187,238,265
4,13,82,147,177
52,120,239
147,177
7,75,178
116,162
1,11
65,134,148,227
6,94,175
14,65,134,226
17,100,113
16,33,250
63,228
33,297
13,35,56
22,142,204
118,168
58,97
30,107,146,267,273
186,290
169,241
86,184
39,47,71,95
9,56
8,295
116,223
93,138
205,234
39,180
10,47
25,57
76,99
6,24
7,78
35,45,172,200
7,20,204,259
15,59,220
103,143
113,132
37,136
217,240
88,288
20,85,133
77,115,218
14,15,79
96,182,286
14,34,114
24,67,105,201
6,32
7,212,245
97,193,293
22,188
4,167
71,123,141,222
31,49,59,119,275
148,299
95,169,294
12,17,152,172,173
14,70,81,96,286
53,81,143
31,166
33,129,281
71,108
61,253
3,22
70,144,197
23,267
173,210
251,266
95,173,210,247
20,60,85
66,108,149,238
211,241
48,233
29,104
133,155,193
1,11,152
51,104,297
143,151
22,101,156,215,249
21,100
3,55
12,14,32
97,188
28,92
13,234,255
6,24,75,235
20,265
42,298
18,19,152
120,223
8,25,86
1,25,153
57,106
203,285
10,142
118,168,217
61,81
7,39,178
8,42,63,287
54,150
60,105
3,48,127,207
37,64
86,178,210
8,139
85,237
97,128
17,54
81,203
62,180
44,114,179
86,257
19,74,111
182,183
20,147
65,285
28,198
177,261,290
18,55,87
33,129
31,201
157,213
116,160
84,90,140,141
64,135
10,142,249
250,280
192,256,261,262
183,197,254
147,236
12,151
73,87,202
24,90,145,180
4,40
35,216
169,238,276
80,293
2,45,54
104,275
74,199
17,181
88,249
69,189,254
102,266
117,285
33,176
44,235
134,135
43,74
41,119,124
63,177
19,204
168,173
228,229
126,274
4,5,71,177
86,98
9,27,139,199
21,246
3,108
63,82,131,167
17,31,129,232
24,108,208,293
43,50,102,190,211
113,223
71,92,121
10,69
71,207
5,23,257
60,169,206
31,115,138
9,37
8,76
18,243
27,130,212
16,68,90
49,166
44,149
28,49,166
11,90
97,145
7,196,259
12,251
5,58,278,295
71,230
14,96
38,261
2,52,128
65,79,113
48,205,244
5,39
156,161
9,151
29,49,269
29,31,45
160,219
12,264
144,162,270
45,143,151
127,165
44,77,191,227
7,38
89,121,123
31,172
174,195
20,85,128
24,60
2,29,253
72,116,223
31,79
218,248
42,112,211
1,11,54
53,105,175,282,296
16,71
90,119
109,136,151,152
74,78
6,80,200
88,251
137,156
15,166
3,11,47
52,123,165,243
1,41,61,161,179
25,242
84,168
4,73,224
205,245,287
119,125,255
119,205
6,105,126
53,291
28,60
14,117,148
53,94
56,183
137,161
4,190
45,140
106,133,146
19,111,120
6,56,256,263
118,130
46,187,228
2,102
72,181,219,227
78,109
129,187
5,76
36,59
72,76,188
98,273
171,243
181,263
44,158
2,6,13,114,290
95,165,187
6,73,105
161,252,260
53,298
23,157
36,42,163,294
15,48,196,244
60,101,274,287
7,14,125
108,155
4,33,62
56,132,209
66,284
28,34,268
40,50,179
46,88
36,250
14,77,81,112
7,40
35,137
70,286
81,125
55,64,153,232
10,36,69
83,92
16,111,117,224
1,30,107,208
43,50,149,213
96,181,203
11,181
6,38,265
16,34,83,92
64,277
62,161
13,255
21,84,114,212
133,199
13,82,246
64,243
18,72,188,228
17,20
63,236
33,221
20,106,167,283
115,157
38,74,101,171
202,225
154,259
35,62,67,201
91,195,232
21,43,213
9,37,61,136
3,33
84,240
119,280
65,141,197
115,178,289
113,168
3,165
53,206
45,103,135
49,131,176,186
43,103
11,280
4,220
198,268
35,39,59,153,299
4,160,215
21,158,172,212
107,121,164,267
32,37
210,233
30,138,184
57,66,211
68,209
80,98
12,109
40,113,130,212
1,242
109,221,266,296
118,246
18,72,78,88
98,178
109,193
31,49,194,218
38,55
8,52
80,169
2,142,216
31,241
5,40
100,151,220,275
65,271
15,175
205,225
227,271
8,130,287
1,44,233
1,13,40
183,260
24,108
115,146,157
35,85,152
45,67,224
2,44
2,29
5,50,191
128,292
91,215
72,78
5,93
43,93
44,62
33,138,145,171
31,58
227,300
25,54,150
10,15
125,128
79,112
24,269
68,70
291,292
4,217,235
46,247
106,160,208
13,162
87,105,172
11,17
12,229
46,76,83
91,278
77,79,135
87,118
33,58,137,140,251
16,167
23,86,98,146
35,58,111
161,162,243,261
65,281
264,298
122,206
95,122
14,70
45,58,201
2,257
5,8,239,295
2,200
29,67
93,169
102,104
29,92,190,212,289
99,131
26,37,51,73,153
127,129
21,32,44,290
7,196,229
18,163,299
55,171
81,125,203
57,77,134
12,18,72
63,283
117,189
27,297
47,99
10,47,264
70,124
16,103,209
94,168,174
10,99
134,296
71,90,123,226,280
119,189
9,199
8,52,237
28,34
43,190,209
54,114,147,167
57,74
74,103
19,60,126,196,204
100,118,142,198
13,105,206
7,19,42
21,99
30,214
91,232
181,248
188,193
60,286
53,122
124,191
18,72,89,244,265
130,245
25,67
12,78
131,175,249,264
79,83,87,154
9,26,61
44,186,259
17,25
170,253
65,134,272
229,239
12,121,138,272
135,271
2,11,15,25
27,169
13,84,194,202
32,36
17,19
19,288
39,91,215
2,35,67,258
6,105,122,207
27,56,101
48,69,93
75,88,144,203
12,116,143,288,296
16,154
53,131
37,96,135,191,286
19,55
17,124,262
9,10,56
41,92
112,250
9,23,146
23,47,170
24,28,37
103,159
15,202,225,269,294
8,22
68,93
39,49
64,252,277
89,110
9,136,263,289
30,158,248,299
79,271,272,300
234,260
41,47,170
5,160
57,58,149
52,76
60,170
