4,25,80,120,217
1,12,141,203,227,263
34,57,83,284
76,117,155,218
6,57,100,186
38,74,156,286
61,150,265,295
50,63,128,159,223
6,68,85,97,126,227
22,28,70,224
55,75,129,266
3,10,122,159,256
6,18,53,67,155
14,32,73,120,283
46,47,53,55,56,74
11,17,30,63,65,102
8,106,127,205
8,42,91,94,221
3,8,38,92,109,179
9,29,40,93,279
6,18,88,271
32,36,43,222
1,180,268,281,285
20,43,103,196
76,85,101,151,162,285
9,15,32,118,226,245
68,135,219,245
40,49,138,176,287
12,46,191,230,270,292
38,104,106,109,231
3,15,145,168,184
14,57,78,177
26,53,110,112,137,198
17,62,201,269
96,99,110,215
13,41,113,152,262
71,75,99,106,190,275
9,56,77,119,130
48,83,88,219
1,75,89,229
8,37,183,284
72,99,194,199,249
28,41,45,201,296
5,8,51,227
9,47,168,188
15,45,84,234
21,40,65,93,247,283
12,16,187,237
6,34,69,174,202
34,77,86,275
18,149,152,158,268
10,50,132,165
1,6,33,40
7,8,86,215
14,66,70,106
41,74,94,177
4,15,43,60,74,220
24,67,193,281
80,91,136,163
4,42,74,136,259,296
36,43,65,272
11,22,23,259
3,8,38,42,182
7,14,38,79,132
9,84,108,220
13,102,124,250
24,64,69,85
7,109,127,132,239
23,160,262,270
20,57,63,189,264,296
135,164,174,245
9,146,158,189
5,57,78,257
41,45,87,129
14,191,218,277
87,90,123,190
35,83,140,141,156,278
48,52,60,111,112
29,143,237,295
10,23,40,213,244
74,78,87,108
6,16,68,88
43,66,116,199,214,273
6,16,67,97
10,50,138,257,296,297
44,98,143,166
25,85,146,276
3,18,84,120
20,104,195,288
20,47,53,56,115
12,35,83,103,153,242
23,36,46,112,141
1,17,44,88,90,288
11,29,49,63,186,203
58,101,144,169
19,34,126,129,211,272
41,75,248,293
21,52,147,235
8,57,101,123,182,280
4,48,78,108,188,189
6,18,139,252
11,43,73,186,213
20,155,248,249
20,25,92,190
4,84,199,249,266,278
35,131,147,264,294
1,22,23,27,264
8,50,70,196
32,37,194,248
28,34,182,285
33,84,135,174,181
3,42,86,227,263,284
10,136,165,173
41,77,118,130,167,254
14,32,37,75,234
23,35,48,49,86,172
24,53,72,174
50,115,125,250
112,124,149,230
101,114,126,142
27,65,66,105,128,253
26,134,208,220,235
7,10,42,83,104
1,40,129,205
40,131,187,225,232,297
30,43,59,93,203
21,23,55,65
54,64,113,150,263,279
2,14,50,81,219
19,132,137,231
24,33,65,236,267
2,17,60,68,193
11,179,237,238
4,19,66,96,117,183
73,127,145,168,169
5,7,30,111,169,221
9,71,150,286
6,11,172,187,216
26,29,109,169,175,198
25,30,66,264
1,6,192,280,287
9,27,115,184,261,298
2,39,113,155,252,281
27,56,90,107
178,209,227,291
16,53,236,257
3,8,183,190,215
19,49,134,178
2,40,89,108,142,161
10,40,161,282,299
62,68,98,253
5,20,103,156,159,238
1,16,18,279
17,27,44,60,68,225
26,52,121,138
20,49,156,269
11,46,79,107,146,229
24,61,89,98,233
3,67,135,147
15,59,72,123
29,117,177,204
43,165,181,203,216,230
50,117,165,244,294
62,67,107,141
59,81,116,125,278
26,28,197,300
4,51,71,184,217,298
28,37,61,87,146,189
26,110,116,124,205
1,7,9,62,116,264
10,21,47,103,134,292
15,58,244,254
4,27,95,110,144,268
15,20,47,140,150,240
21,103,131,202
18,24,64,154,192
58,133,148,201,208,219
9,56,59,79,248
5,18,178,193
9,88,89,204
1,5,69,210,246
153,156,161,235
6,24,91,258
24,111,125,166
7,105,148,178,201
5,11,13,22,207
31,38,70,146,249
33,96,105,269,292
12,43,52,54,66,137
12,136,274,293
13,16,209,234
15,55,63,95
31,77,79,91,119
24,27,53,288
87,179,212,236
76,222,239,250
5,85,133,141
32,77,133,143
63,123,131,171,191
137,185,239,290
4,17,28,85,139
55,80,119,143
25,83,116,162,218,228
16,95,130,193
13,187,213,242
51,55,59,199
4,125,130,277,297
10,19,64,233
21,36,136,169
6,67,154,158,160,287
17,93,133,271,289
37,120,184,274
13,39,64,276
14,56,122,185,225
5,181,198,246
4,5,58,100
15,199,243,274
4,38,44,122,164
20,23,40,172
20,43,172,232,244,299
23,46,134,206
57,104,157,175,197
9,47,72,261
14,68,102,228
19,170,224,275
30,94,210,224
59,72,118,240
11,17,166,176,231,252
3,6,39,75,98,101
4,7,37,72,200,243
5,17,22,64,257
10,13,21,33,93
29,211,215,218,228,300
81,96,173,243
5,14,57,96
9,15,37,60,145,266
2,33,56,90,94
2,54,97,105,111,219
11,13,65,128,153
36,147,221,297
73,103,161,235
11,12,36,50,162
62,149,193,255,256
6,22,32,273
54,165,194,273,291
9,21,25,59,68,106
42,57,114,208,231
36,51,143,217
2,16,55,77,90
7,27,44,117,197
13,49,123,171,191,299
14,34,86,151,176
3,7,44,127,175
31,46,176,287
10,31,37,78,99,265
175,205,222,250
48,56,61,198
167,168,229,286
11,82,296,299
12,21,50,292
3,19,29,73,99,128
17,36,46,173
13,142,214,247
3,19,29,100,215
39,44,61,89,95
18,27,54,144,201
4,60,81,209,249,275
9,114,147,218,251
6,10,92,97,200,245
3,25,70,92,126,230
33,62,124,210
4,5,131,137,189
11,38,238,278
3,25,29,34,211
36,74,102,202,282
58,114,128,151
32,35,204,217
7,25,28,52,170
23,35,95,176
34,92,99,100,112,170
1,5,13,133,152
45,142,242,247,289
2,8,18,82,299
52,132,149,241
29,86,121,221
131,159,207,262
5,22,114,173,175,285
52,61,66,154,201
16,31,37,270,290
1,2,54,61,119,205
1,148,251,256
21,24,49,50,267
30,34,267,288,289
1,64,174,195
9,31,81,209,220,225
16,32,40,80,139
13,45,61,126,141
17,27,33,253,255
10,12,17,23,226
58,92,112,280,290,300
8,10,96,206,207
3,83,137,169,241
26,54,76,210,254,279
77,120,136,234
25,36,40,102,156
2,27,33,45,135,258
20,24,49,213
1,10,46,53,196
1,16,135,268
11,20,63,93,205
4,30,39,62,84,189
2,139,167,300
25,35,75,88,287
35,36,73,159
78,91,157,216,279
12,13,82,123,203,282
8,40,81,160,179,271
134,171,242,260
62,98,233,289
23,140,181,223
2,50,152,213
17,22,153,252
1,18,62,255
34,58,280,284
19,26,175,197,223
5,89,185,298
18,109,186,198,291
42,45,55,127
44,122,210,251
20,24,49,94,138,253
28,96,105,110,121,228
1,7,12,44,58,69
3,21,95,100,103,162
4,60,91,97
8,17,105,246
26,67,100,132,197
13,20,102,283
41,125,145,177,259
10,82,260,270
33,153,215,294
42,147,214,245,247,282
34,108,112,125,170,236
25,32,83,286
1,4,43,61,195,229
4,15,157,291
7,54,56,182
38,39,114,127,170
12,72,92,132,266
15,45,240,295
10,23,36,191,196,206
45,51,107,200,226
9,134,142,148,178
24,48,60,98
13,123,124,214,232,260
12,21,49,128,206
4,34,152,164,224
7,21,26,92,99,109
121,144,182,184,218
38,69,157,193,207,281
31,87,92,107,120,209
101,128,147,173,277
31,37,74,119,125
26,114,116,290
16,33,78,141
2,42,154,174
51,115,118,277
7,15,79,118,295
100,144,241,276
8,19,28,58,70,117
1,9,60,142,184,207
1,48,79,194
48,81,150,254
23,54,158,252
48,106,107,150
10,12,69,208
67,110,152,291
11,82,138,244
43,46,102,232,237,258
38,63,93,124,196,231
38,114,151,179
5,13,44,226
31,55,140,192,200,265
17,45,47,100,192
1,3,16,116,176,269
1,8,68,121,154
85,94,113,122
14,23,171,197
5,22,138,173
11,171,228,238
12,13,35,89,160,292
28,42,126,230
31,37,77,295
51,81,115,139
2,23,30,271,285
35,55,225,293
2,30,44,273
15,59,74,91
7,8,11,16,53
7,34,38,42
11,14,22,93
28,41,67,144,183,185
63,186,207,214
31,108,167,217
47,48,72,87,163
79,200,203,275
2,6,22,61,69,210
29,40,82,161
7,29,110,241
2,19,58,127,276
45,78,108,140
37,47,51,237
21,26,70,170
41,82,83,149
26,39,52,65
9,67,88,204
12,26,38,195
20,21,160,202,242
31,80,107,211,212,216
54,154,213,255,259
19,52,66,221,253,294
4,17,56,69,84,190
14,57,112,162
53,64,97,148,195
1,6,18,61,258,289
5,24,53,61,90
32,56,146,240
12,13,21,46,50,192
10,35,93,156,270
3,25,73,182
13,65,120,216,283
8,58,66,140,223,255
41,74,129,143,153
8,22,172,188
2,27,76,85,150,241
30,54,63,90,113,166
81,167,196,212,277,278
3,19,52,239
6,62,167,235
25,64,134,219,261
3,19,39,71,108
113,149,178,204,271
3,18,121,159,198,263
11,12,35,124
25,106,117,300
12,14,30,101,118,136
3,19,51,199,202,206
126,181,185,223,288
113,151,171,267
53,94,97,155,262,269
17,27,76,135,155,158
41,48,60,157
16,30,267,268
2,24,39,273
11,44,64,89,164
6,22,65,66,90,98
49,59,194,283
9,143,168,194
33,76,95,180
14,29,71,198
96,104,116,224
5,54,151,246
10,35,65,82
79,160,188,206,232,240
34,43,180,250
18,22,111,256
1,31,139,183,200,243
44,62,95,251
45,51,56,229,298
15,48,118,130,145
14,28,70,190
7,47,97,104,162
36,59,71,202
12,55,84,272,293
72,115,212,233,293
2,5,13,153
49,73,165,247
31,57,142,186
4,15,28,286
29,144,185,211
47,129,130,220
79,212,261,265,274,298
36,50,129,157
30,161,214,262
2,18,33,87,148,256
14,42,260,280
5,18,102,122
7,8,29,104,177,276
10,20,46,73
63,82,111,187
48,71,75,80,140,180
39,105,111,180
16,27,72,98
15,32,71,145,261
51,52,96,168
9,46,103,131
32,148,149,282
1,16,257,272
2,46,86,209,239
35,37,45,238
7,28,43,177,183
32,94,105,180,208,263
2,16,111,115
7,106,151,187,290
80,163,164,226
25,73,172,211
11,14,52,70,265
17,27,39,68,69
47,122,154,191,208,260
8,70,86,99,284
24,39,42,71,216
3,49,101,246,274,297
76,104,113,166
1,37,89,152
22,30,39,88,119,138
15,47,51,259,266
31,59,80,119,188
1,76,233,281
2,6,39,164,251
7,85,133,158
48,91,139,188,217,243
26,88,118,119,130
19,90,121,234,294
8,55,78,110,179
15,107,120,163,222
3,19,91,109
5,6,42,64,86,181
9,41,145,254
16,33,155,204,236
8,22,57,69,109
41,60,75,163,220,248
6,10,94,95,166,195
26,28,137,272
30,41,71,146,163,212
2,77,117,133
4,84,192,258
58,80,87,115,222
